NEGATIVE: COUNTERCLOCKWISE MOTION
POSITIVE: CLOCKWISE MOTION
-3
-2
-1
0
-4
0
-4
0
2
-1
3
0
3
3
-2
4
4
1
0
4
0
-3
-3
2
2
-4
4
2
0
2
-3
-2
0
-4
4
-1
-4
-1
1
4
0
-4
-4
-1
2
3
0
2
-3
1
1
2
4
2
1
0
0
1
3
-1
-3
-4
1
-1
0
3
3
-4
-1
2
0
4
2
-3
0
-2
-4
-2
-4
1
4
-2
-2
1
0
0
1
4
-1
-3
-3
-3
-3
1
-1
4
0
0
-1
0
2
0
-3
4
-2
0
-4
-2
2
-2
1
0
-4
-4
-4
4
-2
0
-2
-4
10
10
6
11
8
6
13
9
14
9
14
13
14
14
9
6
14
6
8
6
-2
-2
4
2
-1
2
-3
-1
1
-3
-2
1
3
1
2
1
0
0
1
-2
3
3
2
-3
-4
-4
1
-4
-2
-1
-2
-3
-2
3
-4
0
0
3
4
-2
-2
2
1
-4
-4
0
-1
4
0
3
-3
3
0
-3
-4
0
2
3
0
0
0
4
-3
-3
4
-3
0
2
0
2
-1
2
2
2
-3
2
3
-4
-2
0
0
0
3
2
3
-4
-1
3
-2
2
-3
1
4
4
2
0
3
0
-4
3
-4
4
2
0
-2
-1
3
-2
-2
-4
-4
-2
4
3
-3
1
-4
-3
0
3
-1
-1
4
0
0
3
1
4
1
2
2
-2
2
4
1
-4
-1
2
0
-15
-15
-12
-10
-11
-10
-15
-12
-10
-13
-8
-13
-16
-10
-13
-12
-12
-10
-16
-9
-8
-8
-9
-14
-11
0
0
2
1
-4
2
0
1
2
-2
0
-2
0
-2
-1
2
3
-4
3
4
2
4
-1
-2
2
-4
-3
1
-4
2
2
0
4
4
0
-1
2
-2
0
-2
-1
-3
0
4
-1
3
3
4
2
3
0
3
0
0
2
2
-2
0
0
0
2
-4
0
2
-1
4
-3
4
-4
-3
4
4
-4
-2
-2
-4
-2
4
-3
-4
1
-2
0
-2
-4
2
4
2
0
-2
3
0
-4
1
-4
0
0
-4
-3
1
3
4
-1
-2
1
4
3
1
-4
-3
1
-2
3
0
1
-1
5
1
6
1
1
2
2
4
2
3
0
-3
3
-1
4
4
-1
3
3
-1
3
2
0
0
-4
-1
-2
4
4
0
-2
0
-2
2
3
-4
-1
0
1
-3
0
-1
-2
-3
0
1
-4
0
0
0
-3
0
0
-1
