17
16
19
23
19
22
20
20
24
20
16
19
19
20
22
20
21
20
23
24
20
16
21
16
17
18
24
17
20
16
24
23
19
20
20
23
19
22
19
24
19
23
23
20
23
17
19
17
17
16
18
23
20
22
20
16
24
24
16
23
17
22
20
17
21
21
20
21
23
16
16
21
22
22
20
17
20
23
23
17
22
20
18
18
18
20
16
20
18
24
24
22
19
20
18
20
20
24
18
20
24
17
23
16
19
23
23
20
17
21
23
17
19
24
23
20
18
17
21
23
20
20
17
22
20
16
20
17
24
16
23
24
19
23
23
24
17
21
20
23
22
16
20
23
22
16
16
20
16
17
20
20
17
17
18
16
18
23
18
16
22
18
24
20
16
19
23
24
18
21
20
18
19
18
23
18
23
22
20
22
16
17
22
20
21
18
22
22
23
23
16
23
16
17
23
24
19
22
20
16
21
23
23
17
22
21
24
23
17
22
17
19
18
20
19
24
20
19
20
20
22
23
22
20
23
17
22
18
22
20
20
24
18
22
23
21
18
18
18
21
22
21
20
17
23
17
18
17
19
23
16
23
22
24
24
22
24
23
24
17
20
16
16
24
24
17
16
19
18
20
20
16
20
19
20
22
17
19
21
24
18
19
20
24
17
18
17
16
23
20
18
20
18
19
19
17
20
22
22
16
17
23
17
16
21
22
24
17
24
24
16
16
17
20
20
23
24
20
24
17
20
17
21
23
16
20
21
22
22
18
24
19
24
24
24
21
18
20
22
19
22
19
16
20
16
21
19
20
20
17
17
18
20
22
80
78
76
80
76
78
20
22
17
20
24
22
24
24
23
19
18
19
17
16
22
20
16
17
22
19
16
24
22
19
20
23
20
24
17
20
18
19
16
22
23
22
24
21
20
18
20
19
17
21
22
16
17
17
22
24
24
19
18
20
22
24
16
22
18
19
61
57
59
64
19
21
16
23
21
20
24
20
17
18
17
18
21
20
18
22
20
20
18
23
19
21
24
16
17
20
19
20
20
19
20
20
20
20
21
23
18
17
22
22
20
18
20
20
20
21
20
24
21
18
