24
16
20
23
16
22
22
22
21
19
16
19
20
20
17
18
24
16
18
23
21
20
21
24
17
20
17
20
17
21
23
19
18
19
21
24
24
21
18
20
24
17
20
17
21
22
23
16
19
20
20
20
20
16
20
22
23
19
17
18
18
18
19
18
16
20
23
23
22
21
17
19
23
21
16
20
23
22
16
24
22
21
20
20
17
18
16
16
19
16
17
21
21
17
22
20
24
21
16
20
23
17
21
17
16
19
18
19
16
20
24
20
22
18
20
20
18
20
20
21
20
20
23
16
21
19
18
24
17
18
19
20
22
18
24
23
22
20
20
22
23
21
16
20
18
19
20
23
20
19
20
20
23
23
22
23
20
20
20
23
19
16
16
24
24
17
18
21
24
20
19
20
22
20
19
16
20
18
16
24
22
20
19
20
21
17
19
21
23
20
23
22
23
24
19
18
21
22
19
20
18
19
20
21
20
19
20
19
20
24
21
17
19
20
23
23
16
16
20
22
23
22
24
16
21
20
16
20
18
23
20
23
17
20
18
19
19
21
24
19
20
16
18
22
18
23
22
18
22
24
18
17
17
16
17
20
19
22
22
19
20
18
23
17
22
20
24
19
19
24
24
23
17
22
19
22
22
19
20
21
21
20
16
24
19
20
18
21
23
21
23
18
17
22
19
23
19
18
23
21
22
19
16
16
17
19
20
20
18
23
18
20
21
22
16
22
16
17
24
18
24
23
22
22
19
16
17
21
23
23
22
19
18
24
20
19
17
22
18
20
20
19
24
21
17
24
23
20
20
21
16
24
19
19
100
98
99
100
102
96
16
22
21
16
20
23
22
20
16
24
20
21
16
24
21
24
24
21
20
22
18
20
24
18
21
18
23
17
22
23
24
23
20
20
23
16
19
19
18
21
24
24
24
21
20
20
18
20
20
24
17
21
17
22
22
18
23
21
22
20
61
58
57
59
23
16
20
23
18
20
20
20
23
21
20
23
17
19
22
24
18
19
17
20
19
17
21
22
22
22
20
19
22
23
22
21
17
20
24
19
22
18
18
24
20
23
22
20
19
20
19
18
23
17
