122
115
115
111
124
118
113
117
115
120
129
118
123
129
118
114
126
125
111
128
127
117
120
124
118
120
125
120
114
114
121
113
124
125
127
120
118
126
115
115
251
259
255
254
253
260
257
254
264
250
246
254
126
115
120
125
112
122
116
113
115
122
121
120
121
129
127
113
113
126
122
116
111
117
128
116
122
125
129
129
123
123
112
125
114
129
111
124
123
127
122
126
114
112
112
119
116
119
128
112
120
112
112
111
115
117
126
125
115
125
123
112
118
125
128
124
111
127
111
122
116
125
112
129
120
122
118
128
118
115
128
127
118
118
124
122
114
129
125
125
124
117
121
127
125
121
122
123
118
119
121
121
118
117
113
128
111
122
128
124
117
122
112
117
129
114
120
121
129
125
264
253
257
264
255
249
253
247
247
255
247
263
251
261
125
127
129
129
126
113
113
113
112
112
127
120
118
119
111
112
118
111
123
125
129
128
126
127
118
112
111
127
127
126
114
127
114
123
129
117
118
123
125
128
125
114
129
111
118
127
123
124
126
125
120
120
126
112
122
114
115
122
127
126
56
44
58
44
45
42
50
50
59
45
43
53
57
46
59
42
45
59
57
51
59
50
50
47
46
54
55
58
50
58
59
48
59
46
49
129
121
128
118
121
118
119
126
126
112
120
116
113
128
113
122
122
118
112
124
113
111
112
113
117
120
114
118
111
113
128
121
119
126
118
116
128
120
119
118
127
119
114
118
126
111
117
120
113
128
114
125
128
122
126
125
118
111
121
126
116
126
128
127
116
113
120
113
117
127
115
124
117
127
113
112
118
115
116
118
120
125
120
119
111
112
111
125
123
114
117
116
123
119
117
126
127
129
128
111
116
118
112
123
118
118
113
125
123
126
126
113
124
120
118
117
122
119
113
114
120
118
125
115
126
115
121
118
120
124
120
117
120
124
118
115
123
123
121
117
116
121
122
129
111
120
125
117
123
120
127
120
128
125
117
59
56
42
51
52
59
55
55
46
41
49
54
53
46
55
45
51
55
43
48
57
56
57
43
56
48
42
53
46
43
126
113
127
113
129
127
111
111
121
115
