132
109
109
114
107
129
118
111
124
119
114
122
125
126
109
112
134
131
108
122
106
131
123
133
120
116
123
130
118
123
127
133
122
120
134
116
110
121
115
134
269
262
246
267
268
255
258
266
250
267
245
258
110
120
114
108
115
127
123
113
127
106
123
110
125
134
113
115
132
120
117
120
125
118
125
128
127
122
113
114
111
108
107
126
111
109
115
127
114
134
122
119
120
126
106
120
124
123
109
129
121
110
126
114
109
132
133
120
110
114
107
111
134
115
121
106
128
127
118
112
123
129
113
123
120
127
119
115
116
116
128
118
111
124
120
117
128
110
133
128
120
121
132
130
112
110
109
109
132
109
119
134
134
118
112
114
122
115
132
123
125
132
120
129
108
112
124
118
131
120
266
241
263
262
246
264
241
255
246
249
250
264
251
259
133
121
133
111
130
114
111
131
132
108
108
110
113
129
130
111
129
123
124
119
109
107
111
124
121
113
128
111
111
114
106
116
116
132
117
109
109
126
121
133
126
117
109
108
134
129
113
111
112
113
111
116
114
113
124
115
118
118
134
130
65
60
72
51
52
69
68
54
61
56
59
70
52
56
66
76
72
60
60
53
70
64
78
60
74
59
65
55
78
71
78
70
57
67
55
134
132
108
116
131
125
117
123
120
134
108
112
125
114
114
121
109
126
106
115
134
116
121
120
108
127
125
125
125
132
115
121
130
114
114
129
127
130
108
124
118
118
121
127
125
107
123
125
110
125
114
125
120
113
122
131
125
107
120
114
109
113
119
110
128
107
107
113
111
119
121
130
123
118
113
127
120
130
130
121
115
113
108
122
118
111
116
127
109
119
131
111
117
131
109
118
134
122
120
123
113
125
126
120
111
124
112
133
127
122
124
111
131
126
111
110
121
111
127
130
107
120
125
114
106
123
131
122
108
106
130
110
113
110
129
128
130
125
128
118
112
131
120
113
121
125
126
116
127
131
123
112
133
119
120
36
41
31
51
45
45
59
48
44
39
55
41
31
45
32
37
33
47
53
42
50
50
37
47
51
43
32
35
56
33
109
127
134
115
113
115
110
114
129
124
