132
109
116
126
117
123
118
128
107
131
120
121
118
125
126
118
106
108
134
126
117
128
130
121
132
107
133
114
130
131
114
106
120
125
119
110
121
128
122
106
243
268
254
242
263
265
244
267
258
263
244
246
120
118
116
121
128
121
107
112
117
113
131
118
122
108
129
133
108
110
123
123
115
119
110
126
134
113
124
133
107
122
129
112
129
113
120
116
116
129
109
109
122
131
128
109
115
127
130
128
120
127
132
125
109
119
106
129
118
116
117
116
112
121
134
128
118
128
131
120
109
117
120
124
108
108
123
109
110
110
133
115
114
120
115
126
129
118
127
122
118
132
118
125
131
111
110
118
133
126
121
127
116
130
116
124
124
123
112
133
120
118
110
113
120
130
112
120
116
108
263
244
261
245
262
257
242
259
246
251
253
257
264
256
109
116
131
123
125
131
133
106
129
129
122
108
120
108
120
120
131
112
130
106
132
107
121
115
134
118
112
118
109
119
133
120
109
114
119
120
122
110
128
112
125
120
125
127
110
129
129
134
123
116
130
107
112
130
113
106
114
110
113
120
52
39
45
41
40
41
32
55
39
52
35
56
52
40
57
36
39
49
57
58
41
41
33
33
43
33
41
39
39
39
51
58
35
41
34
109
132
119
125
134
134
114
127
131
121
132
128
119
120
126
121
134
109
131
132
134
129
111
122
106
111
107
127
131
112
110
118
134
120
123
106
112
133
117
121
118
120
113
113
127
123
128
114
126
119
109
108
118
119
120
127
106
128
109
121
120
114
128
116
118
131
127
120
123
118
133
133
130
110
114
122
114
116
112
120
112
113
130
125
133
119
108
109
130
131
120
123
123
116
129
123
122
129
126
125
124
122
129
112
111
129
132
116
109
130
108
120
131
110
112
107
115
129
115
120
130
127
124
118
106
114
134
109
126
119
112
111
112
111
111
122
130
116
133
119
117
120
110
119
112
114
122
119
109
117
115
126
117
110
131
267
256
251
248
268
252
267
258
257
265
267
262
242
260
265
247
245
243
248
269
242
252
243
263
261
246
244
269
269
262
127
114
122
106
133
111
134
111
116
122
