111
127
117
115
119
114
112
113
119
124
113
120
120
121
115
115
116
115
126
129
113
118
125
112
116
124
121
127
120
122
117
114
116
126
116
123
129
115
121
119
253
246
250
250
259
255
247
256
250
255
253
264
126
125
128
124
125
121
122
119
126
127
113
120
112
111
122
117
122
114
117
129
126
112
122
129
129
111
124
113
125
111
119
125
116
120
114
116
119
122
116
115
121
118
112
120
113
120
115
113
124
111
122
127
123
129
122
117
113
126
117
129
118
116
117
127
119
113
119
116
126
125
115
115
127
121
114
122
121
129
125
117
117
112
124
127
129
114
121
129
126
117
127
123
124
121
120
127
123
112
121
118
120
128
127
121
128
112
113
122
112
124
128
123
119
121
129
111
120
121
250
254
261
257
255
250
264
257
253
254
255
262
247
249
129
123
118
127
118
111
125
128
118
129
126
127
116
116
125
111
120
122
124
123
127
115
116
111
115
129
129
117
120
120
126
116
123
112
114
127
113
128
116
112
121
112
111
117
120
121
116
117
113
119
120
129
115
124
121
123
118
122
119
121
41
59
47
58
54
59
45
49
51
55
54
50
55
51
47
51
41
44
54
45
43
46
51
49
56
57
53
41
58
47
55
55
55
50
43
120
118
116
121
121
112
120
115
118
114
120
112
129
118
123
121
115
126
119
115
117
112
112
120
125
117
122
122
111
120
127
116
116
129
117
118
117
126
117
117
120
120
125
118
127
120
124
121
127
112
112
126
119
119
111
120
111
125
125
114
121
116
122
112
126
129
112
124
115
125
126
114
124
123
112
125
113
121
115
120
123
117
129
112
117
125
116
117
115
120
112
119
123
115
127
121
120
122
121
111
127
127
121
116
112
111
127
129
127
113
112
120
123
129
116
115
129
128
117
117
117
114
119
121
119
117
128
129
122
120
122
123
111
114
116
125
128
116
118
124
129
112
113
113
129
124
121
117
117
122
120
120
115
121
116
251
254
255
246
255
253
252
256
247
246
263
250
264
257
253
258
255
248
261
255
246
254
255
253
255
250
248
248
259
264
115
129
118
129
128
114
128
114
115
128
